Row Sort	Column Sort	RAPiD Genomics Sample Code	Unique Client Code	Concentration (ng / uL)	Volume (uL)	Comments	"RAPiD Genomics Lab Use ONLY 
Concentration (ng / uL)"	"RAPiD Genomics Lab Use ONLY
Total DNA (ng)"
1	1	UFL_104301_P01_WA01	584	13.2	100	leaf	0.00	0.00
13	2	UFL_104301_P01_WB01	777	28.8	100	leaf	0.00	0.00
25	3	UFL_104301_P01_WC01	508	15	100	leaf	0.00	0.00
37	4	UFL_104301_P01_WD01	575	33.9	100	leaf	0.00	0.00
49	5	UFL_104301_P01_WE01	369	26	100	leaf	0.00	0.00
61	6	UFL_104301_P01_WF01	1387	48.8	100	leaf	0.00	0.00
73	7	UFL_104301_P01_WG01	19	16.1	100	leaf	0.00	0.00
85	8	UFL_104301_P01_WH01	349	39.6	100	leaf	0.00	0.00
2	9	UFL_104301_P01_WA02	465	48.5	100	leaf	0.00	0.00
14	10	UFL_104301_P01_WB02	15	59.8	100	leaf	0.00	0.00
26	11	UFL_104301_P01_WC02	1319	78.8	100	leaf	0.00	0.00
38	12	UFL_104301_P01_WD02	185	78.4	100	leaf	0.00	0.00
50	13	UFL_104301_P01_WE02	560	71.6	100	leaf	0.00	0.00
62	14	UFL_104301_P01_WF02	167	46.9	100	leaf	0.00	0.00
74	15	UFL_104301_P01_WG02	212	0	100	leaf	0.00	0.00
86	16	UFL_104301_P01_WH02	561	73.9	100	leaf	0.00	0.00
3	17	UFL_104301_P01_WA03	1465	55.5	100	leaf	0.00	0.00
15	18	UFL_104301_P01_WB03	443	59.8	100	leaf	0.00	0.00
27	19	UFL_104301_P01_WC03	1355	75.7	100	leaf	0.00	0.00
39	20	UFL_104301_P01_WD03	1412	63.4	100	leaf	0.00	0.00
51	21	UFL_104301_P01_WE03	510	72.2	100	leaf	0.00	0.00
63	22	UFL_104301_P01_WF03	31	47	100	leaf	0.00	0.00
75	23	UFL_104301_P01_WG03	83	66.8	100	leaf	0.00	0.00
87	24	UFL_104301_P01_WH03	13	65.3	100	leaf	0.00	0.00
4	25	UFL_104301_P01_WA04	564	51.9	100	leaf	0.00	0.00
16	26	UFL_104301_P01_WB04	694	76.4	100	leaf	0.00	0.00
28	27	UFL_104301_P01_WC04	883	70.4	100	leaf	0.00	0.00
40	28	UFL_104301_P01_WD04	326	41.7	100	leaf	0.00	0.00
52	29	UFL_104301_P01_WE04	124	66.4	100	leaf	0.00	0.00
64	30	UFL_104301_P01_WF04	494	73	100	leaf	0.00	0.00
76	31	UFL_104301_P01_WG04	93	25.5	100	leaf	0.00	0.00
88	32	UFL_104301_P01_WH04	1007	44.3	100	leaf	0.00	0.00
5	33	UFL_104301_P01_WA05	955	63.1	100	leaf	0.00	0.00
17	34	UFL_104301_P01_WB05	1125	59.7	100	leaf	0.00	0.00
29	35	UFL_104301_P01_WC05	325	74.5	100	leaf	0.00	0.00
41	36	UFL_104301_P01_WD05	396	59.4	100	leaf	0.00	0.00
53	37	UFL_104301_P01_WE05	45	57.9	100	leaf	0.00	0.00
65	38	UFL_104301_P01_WF05	1346	49.1	100	leaf	0.00	0.00
77	39	UFL_104301_P01_WG05	632	59.1	100	leaf	0.00	0.00
89	40	UFL_104301_P01_WH05	320	54.5	100	leaf	0.00	0.00
6	41	UFL_104301_P01_WA06	72	47.5	100	leaf	0.00	0.00
18	42	UFL_104301_P01_WB06	708	82	100	leaf	0.00	0.00
30	43	UFL_104301_P01_WC06	478	57.7	100	leaf	0.00	0.00
42	44	UFL_104301_P01_WD06	248	50.3	100	leaf	0.00	0.00
54	45	UFL_104301_P01_WE06	156	67.1	100	leaf	0.00	0.00
66	46	UFL_104301_P01_WF06	227	52.5	100	leaf	0.00	0.00
78	47	UFL_104301_P01_WG06	43	60.7	100	leaf	0.00	0.00
90	48	UFL_104301_P01_WH06	783	36.1	100	leaf	0.00	0.00
7	49	UFL_104301_P01_WA07	381	66.4	100	leaf	0.00	0.00
19	50	UFL_104301_P01_WB07	1082	61.7	100	leaf	0.00	0.00
31	51	UFL_104301_P01_WC07	154	66.4	100	leaf	0.00	0.00
43	52	UFL_104301_P01_WD07	346	65.7	100	leaf	0.00	0.00
55	53	UFL_104301_P01_WE07	452	62.6	100	leaf	0.00	0.00
67	54	UFL_104301_P01_WF07	203	51.7	100	leaf	0.00	0.00
79	55	UFL_104301_P01_WG07	181	39.1	100	leaf	0.00	0.00
91	56	UFL_104301_P01_WH07	213	35	100	leaf	0.00	0.00
8	57	UFL_104301_P01_WA08	448	73.4	100	leaf	0.00	0.00
20	58	UFL_104301_P01_WB08	524	68.1	100	leaf	0.00	0.00
32	59	UFL_104301_P01_WC08	328	50.1	100	leaf	0.00	0.00
44	60	UFL_104301_P01_WD08	1266	70.9	100	leaf	0.00	0.00
56	61	UFL_104301_P01_WE08	42	73.3	100	leaf	0.00	0.00
68	62	UFL_104301_P01_WF08	479	61	100	leaf	0.00	0.00
80	63	UFL_104301_P01_WG08	544	57.4	100	leaf	0.00	0.00
92	64	UFL_104301_P01_WH08	108	76.1	100	leaf	0.00	0.00
9	65	UFL_104301_P01_WA09	314	96.1	100	leaf	0.00	0.00
21	66	UFL_104301_P01_WB09	26	81.2	100	leaf	0.00	0.00
33	67	UFL_104301_P01_WC09	112	77	100	leaf	0.00	0.00
45	68	UFL_104301_P01_WD09	1400	62.8	100	leaf	0.00	0.00
57	69	UFL_104301_P01_WE09	755	110	100	leaf	0.00	0.00
69	70	UFL_104301_P01_WF09	390	55.5	100	leaf	0.00	0.00
81	71	UFL_104301_P01_WG09	481	77.4	100	leaf	0.00	0.00
93	72	UFL_104301_P01_WH09	1154	66.5	100	leaf	0.00	0.00
10	73	UFL_104301_P01_WA10	444	49.5	100	leaf	0.00	0.00
22	74	UFL_104301_P01_WB10	387	73.3	100	leaf	0.00	0.00
34	75	UFL_104301_P01_WC10	1237	47.9	100	leaf	0.00	0.00
46	76	UFL_104301_P01_WD10	1369	45.9	100	leaf	0.00	0.00
58	77	UFL_104301_P01_WE10	69	45.9	100	leaf	0.00	0.00
70	78	UFL_104301_P01_WF10	1294	61.8	100	leaf	0.00	0.00
82	79	UFL_104301_P01_WG10	534	79.1	100	leaf	0.00	0.00
94	80	UFL_104301_P01_WH10	505	65	100	leaf	0.00	0.00
11	81	UFL_104301_P01_WA11	289	51.7	100	leaf	0.00	0.00
23	82	UFL_104301_P01_WB11	251	55.6	100	leaf	0.00	0.00
35	83	UFL_104301_P01_WC11	385	56.7	100	leaf	0.00	0.00
47	84	UFL_104301_P01_WD11	245	103	100	leaf	0.00	0.00
59	85	UFL_104301_P01_WE11	1239	106	100	leaf	0.00	0.00
71	86	UFL_104301_P01_WF11	104	94.4	100	leaf	0.00	0.00
83	87	UFL_104301_P01_WG11	419	88.7	100	leaf	0.00	0.00
95	88	UFL_104301_P01_WH11	192	64.8	100	leaf	0.00	0.00
12	89	UFL_104301_P01_WA12	1243	57.5	100	leaf	0.00	0.00
24	90	UFL_104301_P01_WB12	416	67.6	100	leaf	0.00	0.00
36	91	UFL_104301_P01_WC12	244	52.6	100	leaf	0.00	0.00
48	92	UFL_104301_P01_WD12	24	72	100	leaf	0.00	0.00
60	93	UFL_104301_P01_WE12	283	66	100	leaf	0.00	0.00
72	94	UFL_104301_P01_WF12	521	98.1	100	leaf	0.00	0.00
84	95	UFL_104301_P01_WG12	613	54.3	100	leaf	0.00	0.00
96	96	UFL_104301_P01_WH12	276	65.4	100	leaf	0.00	0.00
97	97	UFL_104301_P02_WA01	424	53.6	100	leaf	0.00	0.00
109	98	UFL_104301_P02_WB01	1325	20.3	100	leaf	0.00	0.00
121	99	UFL_104301_P02_WC01	565	23	100	leaf	0.00	0.00
133	100	UFL_104301_P02_WD01	327	41.2	100	leaf	0.00	0.00
145	101	UFL_104301_P02_WE01	521	63.1	100	leaf	0.00	0.00
157	102	UFL_104301_P02_WF01	999	47.3	100	leaf	0.00	0.00
169	103	UFL_104301_P02_WG01	301	71.1	100	leaf	0.00	0.00
181	104	UFL_104301_P02_WH01	1345	76.1	100	leaf	0.00	0.00
98	105	UFL_104301_P02_WA02	383	31.8	100	leaf	0.00	0.00
110	106	UFL_104301_P02_WB02	352	22.7	100	leaf	0.00	0.00
122	107	UFL_104301_P02_WC02	403	19.1	100	leaf	0.00	0.00
134	108	UFL_104301_P02_WD02	327	23.8	100	leaf	0.00	0.00
146	109	UFL_104301_P02_WE02	543	67.7	100	leaf	0.00	0.00
158	110	UFL_104301_P02_WF02	825	49.9	100	leaf	0.00	0.00
170	111	UFL_104301_P02_WG02	697	63.9	100	leaf	0.00	0.00
182	112	UFL_104301_P02_WH02	187	39.4	100	leaf	0.00	0.00
99	113	UFL_104301_P02_WA03	542	27.6	100	leaf	0.00	0.00
111	114	UFL_104301_P02_WB03	51	15.9	100	leaf	0.00	0.00
123	115	UFL_104301_P02_WC03	84	74.9	100	leaf	0.00	0.00
135	116	UFL_104301_P02_WD03	475	54.7	100	leaf	0.00	0.00
147	117	UFL_104301_P02_WE03	218	80.1	100	leaf	0.00	0.00
159	118	UFL_104301_P02_WF03	225	49.4	100	leaf	0.00	0.00
171	119	UFL_104301_P02_WG03	434	54.9	100	leaf	0.00	0.00
183	120	UFL_104301_P02_WH03	486	30.4	100	leaf	0.00	0.00
100	121	UFL_104301_P02_WA04	412	31.7	100	leaf	0.00	0.00
112	122	UFL_104301_P02_WB04	410	49.3	100	leaf	0.00	0.00
124	123	UFL_104301_P02_WC04	311	27.2	100	leaf	0.00	0.00
136	124	UFL_104301_P02_WD04	1378	28.1	100	leaf	0.00	0.00
148	125	UFL_104301_P02_WE04	985	42.4	100	leaf	0.00	0.00
160	126	UFL_104301_P02_WF04	554	39.6	100	leaf	0.00	0.00
172	127	UFL_104301_P02_WG04	243	59.4	100	leaf	0.00	0.00
184	128	UFL_104301_P02_WH04	343	40.8	100	leaf	0.00	0.00
101	129	UFL_104301_P02_WA05	626	61.9	100	leaf	0.00	0.00
113	130	UFL_104301_P02_WB05	804	39.4	100	leaf	0.00	0.00
125	131	UFL_104301_P02_WC05	408	60.5	100	leaf	0.00	0.00
137	132	UFL_104301_P02_WD05	282	78.5	100	leaf	0.00	0.00
149	133	UFL_104301_P02_WE05	144	82.3	100	leaf	0.00	0.00
161	134	UFL_104301_P02_WF05	209	39.2	100	leaf	0.00	0.00
173	135	UFL_104301_P02_WG05	36	81.3	100	leaf	0.00	0.00
185	136	UFL_104301_P02_WH05	379	78	100	leaf	0.00	0.00
102	137	UFL_104301_P02_WA06	76	28.4	100	leaf	0.00	0.00
114	138	UFL_104301_P02_WB06	389	24.8	100	leaf	0.00	0.00
126	139	UFL_104301_P02_WC06	155	17.4	100	leaf	0.00	0.00
138	140	UFL_104301_P02_WD06	233	30.7	100	leaf	0.00	0.00
150	141	UFL_104301_P02_WE06	1236	42.8	100	leaf	0.00	0.00
162	142	UFL_104301_P02_WF06	1150	39.6	100	leaf	0.00	0.00
174	143	UFL_104301_P02_WG06	161	78.2	100	leaf	0.00	0.00
186	144	UFL_104301_P02_WH06	402	42.3	100	leaf	0.00	0.00
103	145	UFL_104301_P02_WA07	10-5 X 4-6664 tree1	18.1	100	leaf	0.00	0.00
115	146	UFL_104301_P02_WB07	10-5 X 4-6664 tree2	25.5	100	leaf	0.00	0.00
127	147	UFL_104301_P02_WC07	10-5 X 4-6664 tree3	20.6	100	leaf	0.00	0.00
139	148	UFL_104301_P02_WD07	10-5 X 4-6664 tree4	14.8	100	leaf	0.00	0.00
151	149	UFL_104301_P02_WE07	10-5 X 4-6664 tree5	52.9	100	leaf	0.00	0.00
163	150	UFL_104301_P02_WF07	10-5 X 4-6664 tree6	30	100	leaf	0.00	0.00
175	151	UFL_104301_P02_WG07	20-1010	38.4	100	leaf	0.00	0.00
187	152	UFL_104301_P02_WH07	BLANK	BLANK	BLANK	BLANK	0.00	0.00
104	153	UFL_104301_P02_WA08	BLANK	BLANK	BLANK	BLANK	0.00	0.00
116	154	UFL_104301_P02_WB08	BLANK	BLANK	BLANK	BLANK	0.00	0.00
128	155	UFL_104301_P02_WC08	BLANK	BLANK	BLANK	BLANK	0.00	0.00
140	156	UFL_104301_P02_WD08	BLANK	BLANK	BLANK	BLANK	0.00	0.00
152	157	UFL_104301_P02_WE08	BLANK	BLANK	BLANK	BLANK	0.00	0.00
164	158	UFL_104301_P02_WF08	BLANK	BLANK	BLANK	BLANK	0.00	0.00
176	159	UFL_104301_P02_WG08	BLANK	BLANK	BLANK	BLANK	0.00	0.00
188	160	UFL_104301_P02_WH08	BLANK	BLANK	BLANK	BLANK	0.00	0.00
105	161	UFL_104301_P02_WA09	BLANK	BLANK	BLANK	BLANK	0.00	0.00
117	162	UFL_104301_P02_WB09	BLANK	BLANK	BLANK	BLANK	0.00	0.00
129	163	UFL_104301_P02_WC09	BLANK	BLANK	BLANK	BLANK	0.00	0.00
141	164	UFL_104301_P02_WD09	BLANK	BLANK	BLANK	BLANK	0.00	0.00
153	165	UFL_104301_P02_WE09	BLANK	BLANK	BLANK	BLANK	0.00	0.00
165	166	UFL_104301_P02_WF09	BLANK	BLANK	BLANK	BLANK	0.00	0.00
177	167	UFL_104301_P02_WG09	BLANK	BLANK	BLANK	BLANK	0.00	0.00
189	168	UFL_104301_P02_WH09	BLANK	BLANK	BLANK	BLANK	0.00	0.00
106	169	UFL_104301_P02_WA10	BLANK	BLANK	BLANK	BLANK	0.00	0.00
118	170	UFL_104301_P02_WB10	BLANK	BLANK	BLANK	BLANK	0.00	0.00
130	171	UFL_104301_P02_WC10	BLANK	BLANK	BLANK	BLANK	0.00	0.00
142	172	UFL_104301_P02_WD10	BLANK	BLANK	BLANK	BLANK	0.00	0.00
154	173	UFL_104301_P02_WE10	BLANK	BLANK	BLANK	BLANK	0.00	0.00
166	174	UFL_104301_P02_WF10	BLANK	BLANK	BLANK	BLANK	0.00	0.00
178	175	UFL_104301_P02_WG10	BLANK	BLANK	BLANK	BLANK	0.00	0.00
190	176	UFL_104301_P02_WH10	BLANK	BLANK	BLANK	BLANK	0.00	0.00
107	177	UFL_104301_P02_WA11	BLANK	BLANK	BLANK	BLANK	0.00	0.00
119	178	UFL_104301_P02_WB11	BLANK	BLANK	BLANK	BLANK	0.00	0.00
131	179	UFL_104301_P02_WC11	BLANK	BLANK	BLANK	BLANK	0.00	0.00
143	180	UFL_104301_P02_WD11	BLANK	BLANK	BLANK	BLANK	0.00	0.00
155	181	UFL_104301_P02_WE11	BLANK	BLANK	BLANK	BLANK	0.00	0.00
167	182	UFL_104301_P02_WF11	BLANK	BLANK	BLANK	BLANK	0.00	0.00
179	183	UFL_104301_P02_WG11	BLANK	BLANK	BLANK	BLANK	0.00	0.00
191	184	UFL_104301_P02_WH11	BLANK	BLANK	BLANK	BLANK	0.00	0.00
108	185	UFL_104301_P02_WA12	BLANK	BLANK	BLANK	BLANK	0.00	0.00
120	186	UFL_104301_P02_WB12	BLANK	BLANK	BLANK	BLANK	0.00	0.00
132	187	UFL_104301_P02_WC12	BLANK	BLANK	BLANK	BLANK	0.00	0.00
144	188	UFL_104301_P02_WD12	BLANK	BLANK	BLANK	BLANK	0.00	0.00
156	189	UFL_104301_P02_WE12	BLANK	BLANK	BLANK	BLANK	0.00	0.00
168	190	UFL_104301_P02_WF12	BLANK	BLANK	BLANK	BLANK	0.00	0.00
180	191	UFL_104301_P02_WG12	BLANK	BLANK	BLANK	BLANK	0.00	0.00
192	192	UFL_104301_P02_WH12	BLANK	BLANK	BLANK	BLANK	0.00	0.00
193	193	UFL_104301_P03_WA01	14	79.1	100	leaf	0.00	0.00
205	194	UFL_104301_P03_WB01	37	73.1	100	leaf	0.00	0.00
217	195	UFL_104301_P03_WC01	38	126	100	leaf	0.00	0.00
229	196	UFL_104301_P03_WD01	46	132	100	leaf	0.00	0.00
241	197	UFL_104301_P03_WE01	47	114	100	leaf	0.00	0.00
253	198	UFL_104301_P03_WF01	54	124	100	leaf	0.00	0.00
265	199	UFL_104301_P03_WG01	88	135	100	leaf	0.00	0.00
277	200	UFL_104301_P03_WH01	101	109	100	leaf	0.00	0.00
194	201	UFL_104301_P03_WA02	103	148	100	leaf	0.00	0.00
206	202	UFL_104301_P03_WB02	109	89.2	100	leaf	0.00	0.00
218	203	UFL_104301_P03_WC02	111	158	100	leaf	0.00	0.00
230	204	UFL_104301_P03_WD02	113	72.2	100	leaf	0.00	0.00
242	205	UFL_104301_P03_WE02	114	51.2	100	leaf	0.00	0.00
254	206	UFL_104301_P03_WF02	116	78.1	100	leaf	0.00	0.00
266	207	UFL_104301_P03_WG02	122	76.6	100	leaf	0.00	0.00
278	208	UFL_104301_P03_WH02	123	109	100	leaf	0.00	0.00
195	209	UFL_104301_P03_WA03	140	95.3	100	leaf	0.00	0.00
207	210	UFL_104301_P03_WB03	148	142	100	leaf	0.00	0.00
219	211	UFL_104301_P03_WC03	163	91.1	100	leaf	0.00	0.00
231	212	UFL_104301_P03_WD03	164	75.5	100	leaf	0.00	0.00
243	213	UFL_104301_P03_WE03	165	67	100	leaf	0.00	0.00
255	214	UFL_104301_P03_WF03	166	146	100	leaf	0.00	0.00
267	215	UFL_104301_P03_WG03	178	66.5	100	leaf	0.00	0.00
279	216	UFL_104301_P03_WH03	189	86.3	100	leaf	0.00	0.00
196	217	UFL_104301_P03_WA04	200	134	100	leaf	0.00	0.00
208	218	UFL_104301_P03_WB04	220	70.1	100	leaf	0.00	0.00
220	219	UFL_104301_P03_WC04	224	124	100	leaf	0.00	0.00
232	220	UFL_104301_P03_WD04	237	115	100	leaf	0.00	0.00
244	221	UFL_104301_P03_WE04	257	74.3	100	leaf	0.00	0.00
256	222	UFL_104301_P03_WF04	263	170	100	leaf	0.00	0.00
268	223	UFL_104301_P03_WG04	269	101	100	leaf	0.00	0.00
280	224	UFL_104301_P03_WH04	284	84.3	100	leaf	0.00	0.00
197	225	UFL_104301_P03_WA05	296	161	100	leaf	0.00	0.00
209	226	UFL_104301_P03_WB05	298	111	100	leaf	0.00	0.00
221	227	UFL_104301_P03_WC05	304	108	100	leaf	0.00	0.00
233	228	UFL_104301_P03_WD05	317	74.8	100	leaf	0.00	0.00
245	229	UFL_104301_P03_WE05	319	98.1	100	leaf	0.00	0.00
257	230	UFL_104301_P03_WF05	335	187	100	leaf	0.00	0.00
269	231	UFL_104301_P03_WG05	337	90.6	100	leaf	0.00	0.00
281	232	UFL_104301_P03_WH05	338	96.5	100	leaf	0.00	0.00
198	233	UFL_104301_P03_WA06	350	96.9	100	leaf	0.00	0.00
210	234	UFL_104301_P03_WB06	363	86.3	100	leaf	0.00	0.00
222	235	UFL_104301_P03_WC06	367	81.1	100	leaf	0.00	0.00
234	236	UFL_104301_P03_WD06	368	82.4	100	leaf	0.00	0.00
246	237	UFL_104301_P03_WE06	376	44.2	100	leaf	0.00	0.00
258	238	UFL_104301_P03_WF06	377	73.1	100	leaf	0.00	0.00
270	239	UFL_104301_P03_WG06	382	71	100	leaf	0.00	0.00
282	240	UFL_104301_P03_WH06	384	81	100	leaf	0.00	0.00
199	241	UFL_104301_P03_WA07	388	58.7	100	leaf	0.00	0.00
211	242	UFL_104301_P03_WB07	393	63.6	100	leaf	0.00	0.00
223	243	UFL_104301_P03_WC07	399	101	100	leaf	0.00	0.00
235	244	UFL_104301_P03_WD07	400	95.6	100	leaf	0.00	0.00
247	245	UFL_104301_P03_WE07	405	47.7	100	leaf	0.00	0.00
259	246	UFL_104301_P03_WF07	423	58.9	100	leaf	0.00	0.00
271	247	UFL_104301_P03_WG07	427	73.7	100	leaf	0.00	0.00
283	248	UFL_104301_P03_WH07	428	60.6	100	leaf	0.00	0.00
200	249	UFL_104301_P03_WA08	429	117	100	leaf	0.00	0.00
212	250	UFL_104301_P03_WB08	449	45.4	100	leaf	0.00	0.00
224	251	UFL_104301_P03_WC08	450	44.4	100	leaf	0.00	0.00
236	252	UFL_104301_P03_WD08	456	49.5	100	leaf	0.00	0.00
248	253	UFL_104301_P03_WE08	463	90.8	100	leaf	0.00	0.00
260	254	UFL_104301_P03_WF08	466	77.8	100	leaf	0.00	0.00
272	255	UFL_104301_P03_WG08	483	78.1	100	leaf	0.00	0.00
284	256	UFL_104301_P03_WH08	488	76.9	100	leaf	0.00	0.00
201	257	UFL_104301_P03_WA09	489	210	100	leaf	0.00	0.00
213	258	UFL_104301_P03_WB09	493	341	100	leaf	0.00	0.00
225	259	UFL_104301_P03_WC09	522	60.5	100	leaf	0.00	0.00
237	260	UFL_104301_P03_WD09	527	216	100	leaf	0.00	0.00
249	261	UFL_104301_P03_WE09	531	81.2	100	leaf	0.00	0.00
261	262	UFL_104301_P03_WF09	532	69.8	100	leaf	0.00	0.00
273	263	UFL_104301_P03_WG09	545	39.5	100	leaf	0.00	0.00
285	264	UFL_104301_P03_WH09	550	52.3	100	leaf	0.00	0.00
202	265	UFL_104301_P03_WA10	569	105	100	leaf	0.00	0.00
214	266	UFL_104301_P03_WB10	572	62.1	100	leaf	0.00	0.00
226	267	UFL_104301_P03_WC10	579	71.9	100	leaf	0.00	0.00
238	268	UFL_104301_P03_WD10	580	181	100	leaf	0.00	0.00
250	269	UFL_104301_P03_WE10	581	81	100	leaf	0.00	0.00
262	270	UFL_104301_P03_WF10	587	76.7	100	leaf	0.00	0.00
274	271	UFL_104301_P03_WG10	589	63.4	100	leaf	0.00	0.00
286	272	UFL_104301_P03_WH10	592	73.1	100	leaf	0.00	0.00
203	273	UFL_104301_P03_WA11	615	194	100	leaf	0.00	0.00
215	274	UFL_104301_P03_WB11	623	158	100	leaf	0.00	0.00
227	275	UFL_104301_P03_WC11	656	114	100	leaf	0.00	0.00
239	276	UFL_104301_P03_WD11	674	182	100	leaf	0.00	0.00
251	277	UFL_104301_P03_WE11	698	150	100	leaf	0.00	0.00
263	278	UFL_104301_P03_WF11	720	115	100	leaf	0.00	0.00
275	279	UFL_104301_P03_WG11	721	88.9	100	leaf	0.00	0.00
287	280	UFL_104301_P03_WH11	723	27.7	100	leaf	0.00	0.00
204	281	UFL_104301_P03_WA12	724	49.4	100	leaf	0.00	0.00
216	282	UFL_104301_P03_WB12	726	30.5	100	leaf	0.00	0.00
228	283	UFL_104301_P03_WC12	738	49.7	100	leaf	0.00	0.00
240	284	UFL_104301_P03_WD12	740	27.7	100	leaf	0.00	0.00
252	285	UFL_104301_P03_WE12	747	38.9	100	leaf	0.00	0.00
264	286	UFL_104301_P03_WF12	753	78.3	100	leaf	0.00	0.00
276	287	UFL_104301_P03_WG12	791	25.4	100	leaf	0.00	0.00
288	288	UFL_104301_P03_WH12	813	104	100	leaf	0.00	0.00
289	289	UFL_104301_P04_WA01	843	79.9	100	leaf	0.00	0.00
301	290	UFL_104301_P04_WB01	872	57.6	100	leaf	0.00	0.00
313	291	UFL_104301_P04_WC01	949	76.2	100	leaf	0.00	0.00
325	292	UFL_104301_P04_WD01	960	59.3	100	leaf	0.00	0.00
337	293	UFL_104301_P04_WE01	982	59.9	100	leaf	0.00	0.00
349	294	UFL_104301_P04_WF01	984	73.2	100	leaf	0.00	0.00
361	295	UFL_104301_P04_WG01	1010	67.8	100	leaf	0.00	0.00
373	296	UFL_104301_P04_WH01	1014	87.4	100	leaf	0.00	0.00
290	297	UFL_104301_P04_WA02	1017	49.7	100	leaf	0.00	0.00
302	298	UFL_104301_P04_WB02	1018	76	100	leaf	0.00	0.00
314	299	UFL_104301_P04_WC02	1019	82.3	100	leaf	0.00	0.00
326	300	UFL_104301_P04_WD02	1026	66.4	100	leaf	0.00	0.00
338	301	UFL_104301_P04_WE02	1027	50.3	100	leaf	0.00	0.00
350	302	UFL_104301_P04_WF02	1056	65.2	100	leaf	0.00	0.00
362	303	UFL_104301_P04_WG02	1058	38.5	100	leaf	0.00	0.00
374	304	UFL_104301_P04_WH02	1067	65.2	100	leaf	0.00	0.00
291	305	UFL_104301_P04_WA03	1075	59.5	100	leaf	0.00	0.00
303	306	UFL_104301_P04_WB03	1088	71.1	100	leaf	0.00	0.00
315	307	UFL_104301_P04_WC03	1089	96.7	100	leaf	0.00	0.00
327	308	UFL_104301_P04_WD03	1104	104	100	leaf	0.00	0.00
339	309	UFL_104301_P04_WE03	1115	57	100	leaf	0.00	0.00
351	310	UFL_104301_P04_WF03	1139	65.1	100	leaf	0.00	0.00
363	311	UFL_104301_P04_WG03	1140	46.6	100	leaf	0.00	0.00
375	312	UFL_104301_P04_WH03	1168	63.7	100	leaf	0.00	0.00
292	313	UFL_104301_P04_WA04	1173	43.6	100	leaf	0.00	0.00
304	314	UFL_104301_P04_WB04	1224	82.8	100	leaf	0.00	0.00
316	315	UFL_104301_P04_WC04	1238	50.6	100	leaf	0.00	0.00
328	316	UFL_104301_P04_WD04	1260	88.2	100	leaf	0.00	0.00
340	317	UFL_104301_P04_WE04	1274	46.2	100	leaf	0.00	0.00
352	318	UFL_104301_P04_WF04	1277	41.3	100	leaf	0.00	0.00
364	319	UFL_104301_P04_WG04	1284	48.4	100	leaf	0.00	0.00
376	320	UFL_104301_P04_WH04	1288	90.8	100	leaf	0.00	0.00
293	321	UFL_104301_P04_WA05	1297	71	100	leaf	0.00	0.00
305	322	UFL_104301_P04_WB05	1300	91.6	100	leaf	0.00	0.00
317	323	UFL_104301_P04_WC05	1311	76.9	100	leaf	0.00	0.00
329	324	UFL_104301_P04_WD05	1326	29	100	leaf	0.00	0.00
341	325	UFL_104301_P04_WE05	1335	86.3	100	leaf	0.00	0.00
353	326	UFL_104301_P04_WF05	1338	60.6	100	leaf	0.00	0.00
365	327	UFL_104301_P04_WG05	1341	64.3	100	leaf	0.00	0.00
377	328	UFL_104301_P04_WH05	1388	62.5	100	leaf	0.00	0.00
294	329	UFL_104301_P04_WA06	1397	83.6	100	leaf	0.00	0.00
306	330	UFL_104301_P04_WB06	1399	58	100	leaf	0.00	0.00
318	331	UFL_104301_P04_WC06	1408	30.7	100	leaf	0.00	0.00
330	332	UFL_104301_P04_WD06	1409	65.6	100	leaf	0.00	0.00
342	333	UFL_104301_P04_WE06	1414	111	100	leaf	0.00	0.00
354	334	UFL_104301_P04_WF06	1415	83.1	100	leaf	0.00	0.00
366	335	UFL_104301_P04_WG06	1418	66.2	100	leaf	0.00	0.00
378	336	UFL_104301_P04_WH06	1426	70.1	100	leaf	0.00	0.00
295	337	UFL_104301_P04_WA07	1440	86.1	100	leaf	0.00	0.00
307	338	UFL_104301_P04_WB07	1450	187	100	leaf	0.00	0.00
319	339	UFL_104301_P04_WC07	1458	62.6	100	leaf	0.00	0.00
331	340	UFL_104301_P04_WD07	1504	85.1	100	leaf	0.00	0.00
343	341	UFL_104301_P04_WE07	BLANK	BLANK	BLANK	BLANK	0.00	0.00
355	342	UFL_104301_P04_WF07	BLANK	BLANK	BLANK	BLANK	0.00	0.00
367	343	UFL_104301_P04_WG07	BLANK	BLANK	BLANK	BLANK	0.00	0.00
379	344	UFL_104301_P04_WH07	BLANK	BLANK	BLANK	BLANK	0.00	0.00
296	345	UFL_104301_P04_WA08	CL04	77	50	leaf	0.00	0.00
308	346	UFL_104301_P04_WB08	CL05	193	50	leaf	0.00	0.00
320	347	UFL_104301_P04_WC08	PD18	157	50	leaf	0.00	0.00
332	348	UFL_104301_P04_WD08	PD35	151	50	leaf	0.00	0.00
344	349	UFL_104301_P04_WE08	10-5_1	5.11	75	meg	0.00	0.00
356	350	UFL_104301_P04_WF08	10-5_2	5.92	75	meg	0.00	0.00
368	351	UFL_104301_P04_WG08	10-5_3	8.12	75	meg	0.00	0.00
380	352	UFL_104301_P04_WH08	10-5_4	10.7	75	meg	0.00	0.00
297	353	UFL_104301_P04_WA09	10-5_5	8.65	75	meg	0.00	0.00
309	354	UFL_104301_P04_WB09	10-5_6	10.7	75	meg	0.00	0.00
321	355	UFL_104301_P04_WC09	10-5_8	5.02	75	meg	0.00	0.00
333	356	UFL_104301_P04_WD09	10-5_9	7.71	75	meg	0.00	0.00
345	357	UFL_104301_P04_WE09	10-5_10	4.47	75	meg	0.00	0.00
357	358	UFL_104301_P04_WF09	10-5_11	4.76	75	meg	0.00	0.00
369	359	UFL_104301_P04_WG09	10-5_12	5.68	75	meg	0.00	0.00
381	360	UFL_104301_P04_WH09	10-5_13	5.59	75	meg	0.00	0.00
298	361	UFL_104301_P04_WA10	10-5_16	5.54	75	meg	0.00	0.00
310	362	UFL_104301_P04_WB10	10-5_18	9.9	75	meg	0.00	0.00
322	363	UFL_104301_P04_WC10	10-5_20	6.53	75	meg	0.00	0.00
334	364	UFL_104301_P04_WD10	10-5_21	15.4	75	meg	0.00	0.00
346	365	UFL_104301_P04_WE10	10-5_23	12.6	75	meg	0.00	0.00
358	366	UFL_104301_P04_WF10	10-5_24	23	75	meg	0.00	0.00
370	367	UFL_104301_P04_WG10	10-5_25	7	75	meg	0.00	0.00
382	368	UFL_104301_P04_WH10	10-5_26	18	75	meg	0.00	0.00
299	369	UFL_104301_P04_WA11	10-5_27	6.26	75	meg	0.00	0.00
311	370	UFL_104301_P04_WB11	10-5_28	5.8	75	meg	0.00	0.00
323	371	UFL_104301_P04_WC11	10-5_29	5.9	75	meg	0.00	0.00
335	372	UFL_104301_P04_WD11	10-5_30	6.19	75	meg	0.00	0.00
347	373	UFL_104301_P04_WE11	10-5_31	11.7	75	meg	0.00	0.00
359	374	UFL_104301_P04_WF11	10-5_32	4.72	75	meg	0.00	0.00
371	375	UFL_104301_P04_WG11	10-5_33	19	75	meg	0.00	0.00
383	376	UFL_104301_P04_WH11	10-5_34	12	75	meg	0.00	0.00
300	377	UFL_104301_P04_WA12	10-5_35	10.7	75	meg	0.00	0.00
312	378	UFL_104301_P04_WB12	10-5_36	4.46	75	meg	0.00	0.00
324	379	UFL_104301_P04_WC12	10-5_37	13.2	75	meg	0.00	0.00
336	380	UFL_104301_P04_WD12	10-5_38	10.3	75	meg	0.00	0.00
348	381	UFL_104301_P04_WE12	BLANK	BLANK	BLANK	BLANK	0.00	0.00
360	382	UFL_104301_P04_WF12	BLANK	BLANK	BLANK	BLANK	0.00	0.00
372	383	UFL_104301_P04_WG12	BLANK	BLANK	BLANK	BLANK	0.00	0.00
384	384	UFL_104301_P04_WH12	BLANK	BLANK	BLANK	BLANK	0.00	0.00